600731
600733
600734
600735
600736
600737
600738
600739
600740
600741
600742
600743
600744
600745
600746
600747
600748
600749
600750
600751
600753
600754
600755
600756
600757
600758
600759
600760
600761
600763
600764
600765
600766
600767
600769
600770
600771
600773
600774
600775
600776
600777
600778
600779
600780
600781
600782
600783
600784
600785
600787
600789
600790
600791
600792
600793
600794
600795
600796
600797
600798
600800
600801
600802
600803
600804
600805
600806
600807
600808
600809
600810
600811
600812
600814
600815
600818
600819
600820
600821
600822
600823
600824
600825
600826
600827
600828
600829
600830
600831
600833
600834
600835
600836
600838
600839
600841
600843
600844
600845
600846
600847
600848
600850
600851
600853
600854
600855
600856
600857
600858
600859
600860
600861
600862
600863
600864
600865
600866
600867
600868
600869
600870
600871
600872
600873
600874
600875
600876
600877
600879
600880
600881
600882
600883
600884
600885
600886
600887
600888
600889
600890
600891
600892
600893
600894
600895
600896
600897
600898
600900
600917
600936
600959
600960
600961
600962
600963
600965
600966
600967
600969
600970
600971
600973
600975
600976
600977
600978
600979
600980
600981
600982
600983
600984
600985
600986
600987
600988
600990
600992
600993
600995
600997
600998
601000
601001
601002
601003
601005
601006
601007
601008
601010
601011
601012
601015
601016
601018
601020
601021
601028
601038
601058
601069
601088
601098
601100
601101
601106
601107
601111
601113
601116
601117
601118
601126
601127
601137
601139
601155
601158
601163
601168
601177
601179
601186
601188
601199
601208
601216
601218
601222
601225
601226
601231
601233
601238
601258
601311
601313
601333
601339
601368
601369
601388
601390
601500
601515
601518
601519
601558
601566
601567
601579
601588
601595
601599
601600
601607
601608
601611
601616
601618
601633
601636
601666
601668
601669
601677
601678
601689
601699
601700
601717
601718
601727
601766
601777
601789
601798
601799
601800
601801
601808
601811
601857
601866
601872
601877
601880
601886
601888
601890
601898
601899
601900
601908
601918
601919
601928
601929
601933
601958
601965
601966
601968
601969
601985
601989
601991
601992
601996
601999
603000
603001
603002
603003
603005
603006
603007
603008
603009
603010
603011
603012
603015
603016
603017
603018
603019
603020
603021
603022
603023
603025
603026
603027
603028
603029
603030
603031
603066
603067
603069
603077
603085
603088
603090
603099
603100
603101
603108
603111
603116
603117
603118
603123
603126
603128
603131
603158
603159
603166
603167
603168
603169
603188
603189
603198
603199
603222
603223
603227
603268
603288
603299
603300
603306
603308
603309
603311
603315
603318
603322
603328
603333
603338
603339
603355
603366
603368
603369
603377
603393
603398
603399
603456
603508
603515
603518
603519
603520
603528
603555
603558
603566
603567
603568
603569
603588
603589
603598
603599
603600
603601
603606
603608
603609
603611
603616
603618
603636
603658
603663
603669
603678
603686
603688
603696
603698
603699
603701
603703
603718
603726
603729
603737
603738
603766
603778
603779
603788
603789
603798
603799
603800
603806
603808
603818
603822
603828
603843
603861
603866
603868
603869
603883
603885
603889
603898
603899
603901
603909
603918
603919
603936
603939
603958
603959
603968
603969
603979
603986
603988
603989
603993
603996
603997
603998
603999
900901
900902
900903
900904
900905
900906
900907
900908
900909
900910
900911
900912
900913
900914
900915
900916
900917
900918
900919
900920
900921
900922
900923
900924
900925
900926
900927
900928
900929
900930
900932
900933
900934
900935
900936
900937
900938
900939
900940
900941
900942
900943
900945
900946
900947
900948
900951
900952
900953
900955
900956
900957
